1 0.5630498533724341 0.23648648648648649 0.7272727272727273 0.24324324324324326 0.7331378299120235 0.5202702702702703 0.5601173020527859 0.5202702702702703
1 0.7800586510263929 0.5743243243243243 0.9472140762463344 0.581081081081081 0.9501466275659824 0.8581081081081081 0.782991202346041 0.8716216216216216
1 0.6598240469208211 0.5743243243243243 0.7360703812316716 0.5878378378378378 0.7360703812316716 0.8581081081081081 0.5630498533724341 0.8648648648648649 0.5601173020527859 0.5878378378378378
1 0.7800586510263929 0.23648648648648649 0.9472140762463344 0.23648648648648649 0.9501466275659824 0.5202702702702703 0.782991202346041 0.5337837837837838 0.7741935483870968 0.4189189189189189
1 0.3870967741935484 0.5675675675675675 0.5190615835777126 0.581081081081081 0.5190615835777126 0.8581081081081081 0.34310850439882695 0.8648648648648649 0.34310850439882695 0.581081081081081
1 0.07331378299120235 0.16216216216216217 0.2903225806451613 0.16891891891891891 0.30498533724340177 0.5675675675675675 0.2873900293255132 0.8716216216216216 0.07038123167155426 0.8648648648648649
1 0.5601173020527859 0.23648648648648649 0.7243401759530792 0.24324324324324326 0.7302052785923754 0.5202702702702703 0.5601173020527859 0.5202702702702703
1 0.7771260997067448 0.23648648648648649 0.9442815249266863 0.23648648648648649 0.9442815249266863 0.5135135135135135 0.7800586510263929 0.527027027027027
1 0.3460410557184751 0.581081081081081 0.5131964809384164 0.581081081081081 0.5161290322580645 0.8513513513513513 0.34310850439882695 0.8648648648648649
1 0.7771260997067448 0.581081081081081 0.9442815249266863 0.581081081081081 0.9472140762463344 0.8581081081081081 0.7800586510263929 0.8716216216216216
1 0.34310850439882695 0.23648648648648649 0.5161290322580645 0.23648648648648649 0.5131964809384164 0.5135135135135135 0.3460410557184751 0.5202702702702703
1 0.5601173020527859 0.581081081081081 0.7331378299120235 0.5878378378378378 0.7302052785923754 0.8648648648648649 0.5630498533724341 0.8648648648648649
1 0.07331378299120235 0.16216216216216217 0.2873900293255132 0.16891891891891891 0.28152492668621704 0.8716216216216216 0.07038123167155426 0.8648648648648649