0 0.9569141295125454 0.41794276928375085 0.9569141295125454 0.3932514112590595 0.9536986954289441 0.3809057322467138 0.9424446761363396 0.3778193124936274 0.9392292420527384 0.3716464729874545 0.9038594671331243 0.3716464729874545 0.9006440330495229 0.3778193124936274 0.8974285989659216 0.3716464729874545 0.8556279558791049 0.3716464729874545 0.8475893706701018 0.3809057322467138 0.8540202388373043 0.3870785717528866 0.8475893706701018 0.3994242507652323 0.8491970877119024 0.4148563495306644 0.8813514285479153 0.4148563495306644 0.8845668626315165 0.4210291890368372 0.9327983738855358 0.4210291890368372 0.9360138079691371 0.4148563495306644 0.9392292420527384 0.4210291890368372 0.9488755443035423 0.4210291890368372 0.9520909783871435 0.4148563495306644 0.9553064124707448 0.4210291890368372
0 0.8488745980707395 0.5771604938271605 0.8729903536977492 0.5740740740740741 0.8762057877813505 0.5679012345679012 0.8794212218649518 0.5740740740740741 0.882636655948553 0.5679012345679012 0.8890675241157556 0.5740740740740741 0.8922829581993569 0.5679012345679012 0.905144694533762 0.5679012345679012 0.9147909967845659 0.5555555555555556 0.9180064308681672 0.5617283950617284 0.9308681672025724 0.5432098765432098 0.9340836012861736 0.5493827160493827 0.9405144694533762 0.5493827160493827 0.9453376205787781 0.5401234567901234 0.9453376205787781 0.4845679012345679 0.9180064308681672 0.48148148148148145 0.9147909967845659 0.5 0.9115755627009646 0.49382716049382713 0.8987138263665595 0.49382716049382713 0.8954983922829582 0.5 0.8906752411575563 0.49074074074074076 0.8938906752411575 0.4845679012345679 0.8890675241157556 0.48148148148148145 0.882636655948553 0.5123456790123457 0.8794212218649518 0.5061728395061729 0.8762057877813505 0.5123456790123457 0.8408360128617364 0.5123456790123457 0.8392282958199357 0.5092592592592593 0.8440514469453376 0.5 0.8569131832797428 0.5 0.860128617363344 0.49382716049382713 0.8633440514469454 0.5 0.8762057877813505 0.4876543209876543 0.8810289389067524 0.4845679012345679 0.8762057877813505 0.4691358024691358 0.860128617363344 0.4691358024691358 0.8569131832797428 0.46296296296296297 0.8472668810289389 0.46296296296296297 0.8472668810289389 0.4506172839506173 0.8344051446945338 0.4506172839506173 0.8327974276527331 0.4537037037037037 0.8360128617363344 0.45987654320987653 0.8295819935691319 0.4722222222222222 0.8327974276527331 0.4845679012345679 0.8295819935691319 0.49691358024691357 0.8327974276527331 0.5030864197530864 0.8295819935691319 0.5154320987654321 0.8295819935691319 0.5339506172839507 0.8327974276527331 0.5401234567901234 0.8327974276527331 0.5709876543209876 0.8440514469453376 0.5740740740740741 0.8472668810289389 0.5802469135802469
0 0.7684887459807074 0.75 0.7893890675241158 0.7345679012345679 0.8006430868167203 0.7067901234567902 0.8070739549839229 0.3117283950617284 0.7942122186495176 0.26851851851851855 0.7942122186495176 0.24382716049382716 0.7829581993569131 0.22839506172839505 0.702572347266881 0.2222222222222222 0.684887459807074 0.23765432098765432 0.6816720257234726 0.2808641975308642 0.6688102893890675 0.31790123456790126 0.6688102893890675 0.7067901234567902 0.6864951768488746 0.7407407407407407 0.7186495176848875 0.7407407407407407 0.7282958199356914 0.7530864197530864
0 0.14790996784565916 0.7561728395061729 0.1527331189710611 0.7407407407407407 0.16237942122186494 0.7469135802469136 0.1720257234726688 0.7345679012345679 0.18006430868167203 0.7129629629629629 0.17684887459807075 0.3117283950617284 0.1639871382636656 0.28703703703703703 0.1639871382636656 0.24382716049382716 0.15594855305466238 0.22839506172839505 0.06270096463022508 0.22839506172839505 0.05144694533762058 0.24382716049382716 0.05144694533762058 0.26851851851851855 0.03858520900321544 0.31790123456790126 0.04823151125401929 0.7067901234567902 0.05627009646302251 0.7345679012345679 0.07877813504823152 0.7530864197530864 0.1302250803858521 0.7592592592592593 0.13665594855305466 0.7407407407407407 0.13987138263665594 0.7592592592592593
0 0.4533762057877814 0.7623456790123457 0.47106109324758844 0.7530864197530864 0.4919614147909968 0.7067901234567902 0.4919614147909968 0.3117283950617284 0.47106109324758844 0.22839506172839505 0.3745980707395498 0.22839506172839505 0.3536977491961415 0.3117283950617284 0.35691318327974275 0.7067901234567902 0.37138263665594856 0.7407407407407407 0.39067524115755625 0.7592592592592593
0 0.2958199356913183 0.7623456790123457 0.3135048231511254 0.7592592592592593 0.33762057877813506 0.7067901234567902 0.33440514469453375 0.3117283950617284 0.3135048231511254 0.22839506172839505 0.23311897106109325 0.2222222222222222 0.2090032154340836 0.24382716049382716 0.2090032154340836 0.26851851851851855 0.19614147909967847 0.3117283950617284 0.20257234726688103 0.7129629629629629 0.23311897106109325 0.7592592592592593
0 0.14469453376205788 0.7623456790123457 0.15916398713826366 0.7592592592592593 0.18006430868167203 0.7253086419753086 0.17684887459807075 0.3055555555555556 0.1639871382636656 0.27469135802469136 0.1639871382636656 0.24382716049382716 0.1527331189710611 0.22839506172839505 0.06591639871382636 0.22839506172839505 0.05144694533762058 0.24382716049382716 0.05144694533762058 0.26851851851851855 0.03858520900321544 0.3117283950617284 0.04823151125401929 0.7129629629629629 0.06591639871382636 0.7469135802469136 0.09485530546623794 0.7654320987654321
0 0.2829581993569132 0.7685185185185185 0.3167202572347267 0.7592592592592593 0.33762057877813506 0.7067901234567902 0.33440514469453375 0.3055555555555556 0.3135048231511254 0.22839506172839505 0.23633440514469453 0.2222222222222222 0.2090032154340836 0.24382716049382716 0.2090032154340836 0.26851851851851855 0.19614147909967847 0.3117283950617284 0.20257234726688103 0.7067901234567902 0.20739549839228297 0.7283950617283951 0.23311897106109325 0.7592592592592593
0 0.4405144694533762 0.7685185185185185 0.4742765273311897 0.7530864197530864 0.4919614147909968 0.7129629629629629 0.4919614147909968 0.3117283950617284 0.47106109324758844 0.22839506172839505 0.387459807073955 0.2222222222222222 0.3665594855305466 0.24382716049382716 0.3665594855305466 0.26851851851851855 0.3536977491961415 0.3117283950617284 0.35691318327974275 0.7129629629629629 0.39067524115755625 0.7654320987654321
0 0.7459807073954984 0.7685185185185185 0.7797427652733119 0.7592592592592593 0.8006430868167203 0.7129629629629629 0.8070739549839229 0.3117283950617284 0.7942122186495176 0.24382716049382716 0.7829581993569131 0.22839506172839505 0.6993569131832797 0.2222222222222222 0.6816720257234726 0.24382716049382716 0.6816720257234726 0.26851851851851855 0.6688102893890675 0.3117283950617284 0.6655948553054662 0.7006172839506173 0.6768488745980707 0.7407407407407407 0.702572347266881 0.7654320987654321
0 0.909967845659164 0.7685185185185185 0.9340836012861736 0.7592592592592593 0.954983922829582 0.7129629629629629 0.9646302250803859 0.3117283950617284 0.954983922829582 0.25 0.9405144694533762 0.22839506172839505 0.8569131832797428 0.2222222222222222 0.842443729903537 0.23765432098765432 0.8263665594855305 0.3117283950617284 0.819935691318328 0.5154320987654321 0.8231511254019293 0.7129629629629629 0.8504823151125402 0.7592592592592593 0.8794212218649518 0.7716049382716049
0 0.6012861736334405 0.7685185185185185 0.6189710610932476 0.7654320987654321 0.6495176848874598 0.7129629629629629 0.6495176848874598 0.3117283950617284 0.6366559485530546 0.24382716049382716 0.6254019292604501 0.22839506172839505 0.545016077170418 0.2222222222222222 0.5241157556270096 0.24382716049382716 0.5241157556270096 0.26851851851851855 0.5112540192926045 0.3117283950617284 0.5112540192926045 0.7067901234567902 0.5192926045016077 0.7345679012345679 0.545016077170418 0.7654320987654321