2 0.14666666666666667 0.5982142857142857 0.17333333333333334 0.5684523809523809 0.17333333333333334 0.46726190476190477 0.15 0.3958333333333333 0.15666666666666668 0.3125 0.14833333333333334 0.27976190476190477 0.105 0.27380952380952384 0.08666666666666667 0.3244047619047619 0.10333333333333333 0.36607142857142855 0.09666666666666666 0.44345238095238093 0.07 0.4732142857142857 0.07 0.5684523809523809
2 0.64 0.8482142857142857 0.6466666666666666 0.8005952380952381 0.6516666666666666 0.8214285714285714 0.66 0.8005952380952381 0.65 0.7053571428571429 0.67 0.6339285714285714 0.67 0.4732142857142857 0.69 0.43154761904761907 0.68 0.41964285714285715 0.69 0.3958333333333333 0.6666666666666666 0.37202380952380953 0.6683333333333333 0.3333333333333333 0.6466666666666666 0.3244047619047619 0.6433333333333333 0.19345238095238096 0.6566666666666666 0.16964285714285715 0.6566666666666666 0.11011904761904762 0.605 0.10119047619047619 0.5966666666666667 0.1875 0.6133333333333333 0.20535714285714285 0.6133333333333333 0.25297619047619047 0.5966666666666667 0.33630952380952384 0.5533333333333333 0.37797619047619047 0.55 0.5267857142857143 0.56 0.5565476190476191 0.5566666666666666 0.6517857142857143 0.59 0.7053571428571429 0.59 0.8422619047619048
2 0.31333333333333335 0.7648809523809523 0.33 0.7529761904761905 0.3333333333333333 0.7172619047619048 0.3433333333333333 0.3125 0.31 0.23511904761904762 0.30666666666666664 0.15178571428571427 0.27166666666666667 0.1488095238095238 0.25333333333333335 0.25297619047619047 0.22 0.28273809523809523 0.23 0.4017857142857143 0.21666666666666667 0.7351190476190477 0.22833333333333333 0.7619047619047619
2 0.49 0.8065476190476191 0.51 0.7648809523809523 0.51 0.4017857142857143 0.52 0.36607142857142855 0.49333333333333335 0.22916666666666666 0.4816666666666667 0.20833333333333334 0.435 0.20833333333333334 0.4 0.41369047619047616 0.3933333333333333 0.7767857142857143 0.41833333333333333 0.8095238095238095
2 0.98 0.8005952380952381 0.99 0.7946428571428571 0.9866666666666667 0.4017857142857143 0.9633333333333334 0.37797619047619047 0.9533333333333334 0.21726190476190477 0.905 0.21428571428571427 0.88 0.36607142857142855 0.8566666666666667 0.3958333333333333 0.87 0.7589285714285714 0.895 0.7976190476190477
2 0.7966666666666666 0.8065476190476191 0.81 0.7589285714285714 0.83 0.33035714285714285 0.8 0.24702380952380953 0.8033333333333333 0.15773809523809523 0.765 0.14285714285714285 0.7533333333333333 0.1636904761904762 0.7466666666666667 0.2767857142857143 0.7183333333333334 0.3392857142857143 0.7033333333333334 0.34226190476190477 0.69 0.4732142857142857 0.69 0.49702380952380953 0.7066666666666667 0.5029761904761905 0.7 0.7172619047619048 0.7216666666666667 0.8035714285714286
2 0.15666666666666668 0.8065476190476191 0.17 0.7470238095238095 0.17 0.6220238095238095 0.18666666666666668 0.5803571428571429 0.18666666666666668 0.4494047619047619 0.16333333333333333 0.41369047619047616 0.15666666666666668 0.28273809523809523 0.095 0.27380952380952384 0.08 0.4255952380952381 0.06333333333333334 0.46130952380952384 0.08 0.7827380952380952 0.095 0.8095238095238095
2 0.9833333333333333 0.8005952380952381 0.9933333333333333 0.7589285714285714 0.9866666666666667 0.4017857142857143 0.9633333333333334 0.37797619047619047 0.9533333333333334 0.21726190476190477 0.905 0.21428571428571427 0.88 0.36607142857142855 0.8566666666666667 0.41369047619047616 0.87 0.49702380952380953 0.87 0.7589285714285714 0.895 0.7976190476190477
2 0.49 0.8065476190476191 0.51 0.7886904761904762 0.52 0.7410714285714286 0.51 0.7232142857142857 0.5133333333333333 0.43154761904761907 0.5333333333333333 0.43154761904761907 0.5333333333333333 0.3541666666666667 0.5216666666666666 0.3630952380952381 0.5066666666666667 0.33035714285714285 0.49666666666666665 0.22916666666666666 0.4483333333333333 0.19642857142857142 0.4266666666666667 0.22916666666666666 0.4 0.41964285714285715 0.3933333333333333 0.7886904761904762 0.4116666666666667 0.8095238095238095
2 0.31666666666666665 0.7648809523809523 0.3333333333333333 0.7470238095238095 0.3433333333333333 0.3005952380952381 0.31333333333333335 0.24107142857142858 0.31 0.15773809523809523 0.2816666666666667 0.14285714285714285 0.26666666666666666 0.15178571428571427 0.25 0.24702380952380953 0.21666666666666667 0.28869047619047616 0.21666666666666667 0.7470238095238095
2 0.6166666666666667 0.8541666666666666 0.655 0.8392857142857143 0.6666666666666666 0.8125 0.66 0.6755952380952381 0.6816666666666666 0.6547619047619048 0.69 0.7232142857142857 0.6733333333333333 0.7410714285714286 0.69 0.7529761904761905 0.675 0.7678571428571429 0.6883333333333334 0.7738095238095238 0.695 0.7380952380952381 0.7 0.7886904761904762 0.7216666666666667 0.8095238095238095 0.795 0.8095238095238095 0.8066666666666666 0.7886904761904762 0.83 0.3244047619047619 0.8033333333333333 0.25892857142857145 0.7983333333333333 0.14285714285714285 0.765 0.14285714285714285 0.7533333333333333 0.1636904761904762 0.75 0.25297619047619047 0.7183333333333334 0.3333333333333333 0.6716666666666666 0.3392857142857143 0.6433333333333333 0.28273809523809523 0.6433333333333333 0.19940476190476192 0.6633333333333333 0.1636904761904762 0.66 0.10416666666666667 0.5966666666666667 0.11011904761904762 0.5966666666666667 0.19940476190476192 0.6066666666666667 0.20535714285714285 0.59 0.34226190476190477 0.5533333333333333 0.37202380952380953 0.56 0.41369047619047616 0.54 0.44345238095238093 0.5466666666666666 0.5267857142857143 0.56 0.5386904761904762 0.5633333333333334 0.8005952380952381 0.5916666666666667 0.8511904761904762