2 0.07586206896551724 0.3390804597701149 0.10344827586206896 0.3390804597701149 0.1103448275862069 0.3505747126436782 0.1103448275862069 0.42528735632183906 0.12758620689655173 0.4885057471264368 0.13448275862068965 0.5574712643678161 0.13793103448275862 0.8045977011494253 0.1310344827586207 0.8620689655172413 0.11379310344827587 0.8850574712643678 0.05172413793103448 0.8850574712643678 0.041379310344827586 0.8218390804597702 0.04482758620689655 0.5114942528735632 0.06551724137931035 0.42528735632183906 0.06551724137931035 0.3448275862068966
2 0.22413793103448276 0.10919540229885058 0.2620689655172414 0.1206896551724138 0.2620689655172414 0.19540229885057472 0.3103448275862069 0.3620689655172414 0.3137931034482759 0.7701149425287356 0.30689655172413793 0.8160919540229885 0.2793103448275862 0.8333333333333334 0.2896551724137931 0.8793103448275862 0.18275862068965518 0.8793103448275862 0.1724137931034483 0.867816091954023 0.15862068965517243 0.7758620689655172 0.1724137931034483 0.367816091954023 0.2 0.2471264367816092 0.22413793103448276 0.1896551724137931
2 0.40344827586206894 0.26436781609195403 0.43103448275862066 0.27586206896551724 0.43103448275862066 0.3505747126436782 0.4517241379310345 0.40804597701149425 0.4689655172413793 0.4942528735632184 0.4689655172413793 0.7758620689655172 0.46206896551724136 0.867816091954023 0.45517241379310347 0.8793103448275862 0.38275862068965516 0.8850574712643678 0.35517241379310344 0.8735632183908046 0.3482758620689655 0.8333333333333334 0.35172413793103446 0.4942528735632184 0.36551724137931035 0.41379310344827586 0.3896551724137931 0.3448275862068966 0.38620689655172413 0.27586206896551724
2 0.5793103448275863 0.034482758620689655 0.5862068965517241 0.040229885057471264 0.5862068965517241 0.06321839080459771 0.593103448275862 0.07471264367816093 0.593103448275862 0.1206896551724138 0.6 0.13218390804597702 0.603448275862069 0.1724137931034483 0.6068965517241379 0.1724137931034483 0.6068965517241379 0.29310344827586204 0.6103448275862069 0.29310344827586204 0.6137931034482759 0.3735632183908046 0.6103448275862069 0.3735632183908046 0.6103448275862069 0.40804597701149425 0.603448275862069 0.43103448275862066 0.5551724137931034 0.4367816091954023 0.5517241379310345 0.3793103448275862 0.5448275862068965 0.3735632183908046 0.5448275862068965 0.3390804597701149 0.5482758620689655 0.3390804597701149 0.5448275862068965 0.21264367816091953 0.5482758620689655 0.21264367816091953 0.5482758620689655 0.1781609195402299 0.5517241379310345 0.1781609195402299 0.5551724137931034 0.14367816091954022 0.5655172413793104 0.11494252873563218 0.5655172413793104 0.06321839080459771 0.5724137931034483 0.05747126436781609 0.5724137931034483 0.040229885057471264
2 0.6655172413793103 0.10919540229885058 0.6862068965517242 0.11494252873563218 0.6896551724137931 0.1724137931034483 0.6931034482758621 0.1724137931034483 0.6931034482758621 0.1896551724137931 0.696551724137931 0.1896551724137931 0.7 0.22413793103448276 0.7034482758620689 0.22413793103448276 0.7034482758620689 0.3103448275862069 0.7068965517241379 0.3103448275862069 0.7034482758620689 0.40229885057471265 0.7 0.40229885057471265 0.696551724137931 0.43103448275862066 0.6862068965517242 0.43103448275862066 0.6862068965517242 0.4367816091954023 0.6517241379310345 0.4367816091954023 0.6517241379310345 0.43103448275862066 0.6448275862068965 0.43103448275862066 0.6482758620689655 0.42528735632183906 0.6482758620689655 0.39080459770114945 0.6413793103448275 0.3850574712643678 0.6413793103448275 0.3218390804597701 0.6448275862068965 0.3218390804597701 0.6448275862068965 0.2988505747126437 0.6482758620689655 0.2988505747126437 0.6517241379310345 0.1781609195402299 0.6551724137931034 0.1781609195402299 0.6551724137931034 0.16091954022988506 0.6620689655172414 0.14942528735632185 0.6620689655172414 0.11494252873563218
2 0.8241379310344827 0.06321839080459771 0.8344827586206897 0.06321839080459771 0.8448275862068966 0.07471264367816093 0.8448275862068966 0.1206896551724138 0.8482758620689655 0.1206896551724138 0.8551724137931035 0.1839080459770115 0.8586206896551725 0.1839080459770115 0.8586206896551725 0.27011494252873564 0.8551724137931035 0.27011494252873564 0.8551724137931035 0.28160919540229884 0.8586206896551725 0.28160919540229884 0.8620689655172413 0.3505747126436782 0.8655172413793103 0.3505747126436782 0.8655172413793103 0.367816091954023 0.8586206896551725 0.3793103448275862 0.8620689655172413 0.3850574712643678 0.8586206896551725 0.42528735632183906 0.8379310344827586 0.43103448275862066 0.8379310344827586 0.4367816091954023 0.803448275862069 0.43103448275862066 0.803448275862069 0.3793103448275862 0.7965517241379311 0.3793103448275862 0.7896551724137931 0.367816091954023 0.7931034482758621 0.28735632183908044 0.7965517241379311 0.28735632183908044 0.7931034482758621 0.20114942528735633 0.7965517241379311 0.20114942528735633 0.8 0.16091954022988506 0.8068965517241379 0.14942528735632185 0.8068965517241379 0.13218390804597702 0.8137931034482758 0.1206896551724138 0.8137931034482758 0.07471264367816093
2 0.9206896551724137 0.10919540229885058 0.9379310344827586 0.11494252873563218 0.9344827586206896 0.1206896551724138 0.9344827586206896 0.14367816091954022 0.9413793103448276 0.15517241379310345 0.9413793103448276 0.1724137931034483 0.9448275862068966 0.1724137931034483 0.9448275862068966 0.1896551724137931 0.9482758620689655 0.1896551724137931 0.9482758620689655 0.21264367816091953 0.9517241379310345 0.21264367816091953 0.9551724137931035 0.43103448275862066 0.9482758620689655 0.4425287356321839 0.903448275862069 0.4425287356321839 0.9 0.4367816091954023 0.9 0.40229885057471265 0.8931034482758621 0.39080459770114945 0.8931034482758621 0.3103448275862069 0.896551724137931 0.3103448275862069 0.896551724137931 0.2471264367816092 0.9 0.2471264367816092 0.903448275862069 0.16666666666666666 0.9103448275862069 0.15517241379310345 0.9103448275862069 0.1206896551724138 0.9206896551724137 0.11494252873563218
2 0.9310344827586207 0.5632183908045977 0.9413793103448276 0.5804597701149425 0.9413793103448276 0.6149425287356322 0.9448275862068966 0.6149425287356322 0.9517241379310345 0.6551724137931034 0.9586206896551724 0.6666666666666666 0.9620689655172414 0.7241379310344828 0.9655172413793104 0.7241379310344828 0.9655172413793104 0.7471264367816092 0.9620689655172414 0.7471264367816092 0.9620689655172414 0.896551724137931 0.9586206896551724 0.896551724137931 0.9586206896551724 0.9195402298850575 0.9482758620689655 0.9310344827586207 0.9275862068965517 0.9310344827586207 0.9275862068965517 0.9252873563218391 0.906896551724138 0.9310344827586207 0.9 0.9195402298850575 0.896551724137931 0.8850574712643678 0.8931034482758621 0.8850574712643678 0.8931034482758621 0.7126436781609196 0.896551724137931 0.7126436781609196 0.896551724137931 0.6839080459770115 0.903448275862069 0.6724137931034483 0.906896551724138 0.6379310344827587 0.9172413793103448 0.6149425287356322 0.9172413793103448 0.5804597701149425 0.9206896551724137 0.5804597701149425 0.9206896551724137 0.5689655172413793 0.9310344827586207 0.5689655172413793
2 0.8206896551724138 0.5689655172413793 0.8310344827586207 0.5747126436781609 0.8310344827586207 0.6091954022988506 0.8379310344827586 0.6091954022988506 0.8379310344827586 0.6206896551724138 0.8448275862068966 0.632183908045977 0.8448275862068966 0.6494252873563219 0.8482758620689655 0.6494252873563219 0.8482758620689655 0.6666666666666666 0.8517241379310345 0.6666666666666666 0.8517241379310345 0.6896551724137931 0.8551724137931035 0.6896551724137931 0.8551724137931035 0.9022988505747126 0.8517241379310345 0.9022988505747126 0.8517241379310345 0.9252873563218391 0.8137931034482758 0.9252873563218391 0.8137931034482758 0.9310344827586207 0.8068965517241379 0.9310344827586207 0.8068965517241379 0.9252873563218391 0.7931034482758621 0.9195402298850575 0.7931034482758621 0.8793103448275862 0.7896551724137931 0.8793103448275862 0.7896551724137931 0.7241379310344828 0.7931034482758621 0.7241379310344828 0.7931034482758621 0.6839080459770115 0.8 0.6724137931034483 0.803448275862069 0.632183908045977 0.8068965517241379 0.632183908045977 0.8103448275862069 0.6091954022988506 0.8172413793103448 0.603448275862069
2 0.696551724137931 0.6379310344827587 0.7137931034482758 0.6379310344827587 0.7137931034482758 0.6436781609195402 0.7172413793103448 0.6436781609195402 0.7172413793103448 0.6724137931034483 0.7206896551724138 0.6724137931034483 0.7206896551724138 0.6896551724137931 0.7241379310344828 0.6896551724137931 0.7241379310344828 0.7068965517241379 0.7275862068965517 0.7068965517241379 0.7275862068965517 0.7298850574712644 0.7310344827586207 0.7298850574712644 0.7310344827586207 0.896551724137931 0.7275862068965517 0.896551724137931 0.7275862068965517 0.9195402298850575 0.7241379310344828 0.9195402298850575 0.7206896551724138 0.9310344827586207 0.7137931034482758 0.9310344827586207 0.7137931034482758 0.9252873563218391 0.7 0.9252873563218391 0.7 0.9310344827586207 0.696551724137931 0.9310344827586207 0.696551724137931 0.9252873563218391 0.6931034482758621 0.9252873563218391 0.6931034482758621 0.9080459770114943 0.6827586206896552 0.896551724137931 0.6827586206896552 0.7298850574712644 0.6862068965517242 0.7298850574712644 0.6862068965517242 0.7011494252873564 0.6896551724137931 0.7011494252873564 0.6896551724137931 0.6839080459770115 0.6931034482758621 0.6839080459770115 0.6931034482758621 0.6666666666666666 0.696551724137931 0.6666666666666666
2 0.6172413793103448 0.5517241379310345 0.6344827586206897 0.5632183908045977 0.6344827586206897 0.5977011494252874 0.6482758620689655 0.6379310344827587 0.6482758620689655 0.6551724137931034 0.6551724137931034 0.6724137931034483 0.6551724137931034 0.7183908045977011 0.6586206896551724 0.7183908045977011 0.6551724137931034 0.7758620689655172 0.6586206896551724 0.7758620689655172 0.6586206896551724 0.8160919540229885 0.6620689655172414 0.8160919540229885 0.6620689655172414 0.8448275862068966 0.6655172413793103 0.8448275862068966 0.6655172413793103 0.8908045977011494 0.6620689655172414 0.8908045977011494 0.6586206896551724 0.9367816091954023 0.6448275862068965 0.9367816091954023 0.6448275862068965 0.9425287356321839 0.596551724137931 0.9367816091954023 0.6 0.9137931034482759 0.5896551724137931 0.8908045977011494 0.5896551724137931 0.8333333333333334 0.593103448275862 0.8333333333333334 0.5896551724137931 0.6666666666666666 0.593103448275862 0.6666666666666666 0.6 0.6206896551724138 0.6103448275862069 0.5977011494252874 0.6103448275862069 0.5632183908045977
2 0.5344827586206896 0.6724137931034483 0.5517241379310345 0.6724137931034483 0.5517241379310345 0.6781609195402298 0.5586206896551724 0.6839080459770115 0.5586206896551724 0.7126436781609196 0.5620689655172414 0.7126436781609196 0.5620689655172414 0.7298850574712644 0.5655172413793104 0.7298850574712644 0.5655172413793104 0.7758620689655172 0.5689655172413793 0.7758620689655172 0.5689655172413793 0.7931034482758621 0.5655172413793104 0.7931034482758621 0.5689655172413793 0.8850574712643678 0.5655172413793104 0.8850574712643678 0.5655172413793104 0.896551724137931 0.5620689655172414 0.896551724137931 0.5620689655172414 0.9310344827586207 0.5586206896551724 0.9310344827586207 0.5586206896551724 0.9367816091954023 0.5413793103448276 0.9367816091954023 0.5413793103448276 0.9425287356321839 0.5275862068965518 0.9425287356321839 0.5275862068965518 0.9367816091954023 0.5241379310344828 0.9367816091954023 0.5241379310344828 0.9252873563218391 0.5206896551724138 0.9252873563218391 0.5206896551724138 0.7701149425287356 0.5241379310344828 0.7701149425287356 0.5275862068965518 0.6839080459770115 0.5310344827586206 0.6839080459770115